ID, Name, PhotoUrl
510248764,James Steward,https://randomuser.me/api/portraits/men/52.jpg
554968489,Ian Morales,https://randomuser.me/api/portraits/men/67.jpg
544546624,Duane Watts,https://randomuser.me/api/portraits/men/57.jpg
138757175,Luis Thomas,https://randomuser.me/api/portraits/men/80.jpg
576610853,Sebastian Garrett,https://randomuser.me/api/portraits/men/44.jpg
142079810,Gregory Roberts,https://randomuser.me/api/portraits/men/90.jpg
786025732,Eileen Steward,https://randomuser.me/api/portraits/women/40.jpg
61040343,Jeffrey Hunter,https://randomuser.me/api/portraits/men/35.jpg
322761852,Willie Jennings,https://randomuser.me/api/portraits/men/13.jpg
463044931,Marlene Parker,https://randomuser.me/api/portraits/women/3.jpg
